1		1		2		3		4		5		6		7		8
1		451858		451859		451959		451958		454067		454068		454070		454066
2		451859		451860		451960		451959		454068		454051		454001		454070
3		451860		451861		451961		451960		454051		454052		454071		454001
4		451861		451862		451962		451961		454052		454053		454054		454071
5		451958		451959		452059		452058		454066		454070		454072		454065
6		451959		451960		452060		452059		454070		454001		454073		454072
7		451960		451961		452061		452060		454001		454071		454074		454073
8		451961		451962		452062		452061		454071		454054		454055		454074
9		452058		452059		452159		452158		454065		454072		454075		454064
10		452059		452060		452160		452159		454072		454073		454076		454075
11		452060		452061		452161		452160		454073		454074		454077		454076
12		452061		452062		452162		452161		454074		454055		454056		454077
13		452158		452159		452259		452258		454064		454075		454078		454063
14		452159		452160		452260		452259		454075		454076		454010		454078
15		452160		452161		452261		452260		454076		454077		454079		454010
16		452161		452162		452262		452261		454077		454056		454057		454079
17		452258		452259		452359		452358		454063		454078		454061		454062
18		452259		452260		452360		452359		454078		454010		454060		454061
19		452260		452261		452361		452360		454010		454079		454059		454060
20		452261		452262		452362		452361		454079		454057		454058		454059
